
<!DOCTYPE html
  PUBLIC "-//W3C//DTD HTML 4.01 Transitional//EN">
<html><head>
      <meta http-equiv="Content-Type" content="text/html; charset=utf-8">
   <!--
This HTML was auto-generated from MATLAB code.
To make changes, update the MATLAB code and republish this document.
      --><title>StructureMassDemo</title><meta name="generator" content="MATLAB 9.8"><link rel="schema.DC" href="http://purl.org/dc/elements/1.1/"><meta name="DC.date" content="2021-06-08"><meta name="DC.source" content="StructureMassDemo.m"><style type="text/css">
html,body,div,span,applet,object,iframe,h1,h2,h3,h4,h5,h6,p,blockquote,pre,a,abbr,acronym,address,big,cite,code,del,dfn,em,font,img,ins,kbd,q,s,samp,small,strike,strong,sub,sup,tt,var,b,u,i,center,dl,dt,dd,ol,ul,li,fieldset,form,label,legend,table,caption,tbody,tfoot,thead,tr,th,td{margin:0;padding:0;border:0;outline:0;font-size:100%;vertical-align:baseline;background:transparent}body{line-height:1}ol,ul{list-style:none}blockquote,q{quotes:none}blockquote:before,blockquote:after,q:before,q:after{content:'';content:none}:focus{outine:0}ins{text-decoration:none}del{text-decoration:line-through}table{border-collapse:collapse;border-spacing:0}

html { min-height:100%; margin-bottom:1px; }
html body { height:100%; margin:0px; font-family:Arial, Helvetica, sans-serif; font-size:10px; color:#000; line-height:140%; background:#fff none; overflow-y:scroll; }
html body td { vertical-align:top; text-align:left; }

h1 { padding:0px; margin:0px 0px 25px; font-family:Arial, Helvetica, sans-serif; font-size:1.5em; color:#d55000; line-height:100%; font-weight:normal; }
h2 { padding:0px; margin:0px 0px 8px; font-family:Arial, Helvetica, sans-serif; font-size:1.2em; color:#000; font-weight:bold; line-height:140%; border-bottom:1px solid #d6d4d4; display:block; }
h3 { padding:0px; margin:0px 0px 5px; font-family:Arial, Helvetica, sans-serif; font-size:1.1em; color:#000; font-weight:bold; line-height:140%; }

a { color:#005fce; text-decoration:none; }
a:hover { color:#005fce; text-decoration:underline; }
a:visited { color:#004aa0; text-decoration:none; }

p { padding:0px; margin:0px 0px 20px; }
img { padding:0px; margin:0px 0px 20px; border:none; }
p img, pre img, tt img, li img, h1 img, h2 img { margin-bottom:0px; }

ul { padding:0px; margin:0px 0px 20px 23px; list-style:square; }
ul li { padding:0px; margin:0px 0px 7px 0px; }
ul li ul { padding:5px 0px 0px; margin:0px 0px 7px 23px; }
ul li ol li { list-style:decimal; }
ol { padding:0px; margin:0px 0px 20px 0px; list-style:decimal; }
ol li { padding:0px; margin:0px 0px 7px 23px; list-style-type:decimal; }
ol li ol { padding:5px 0px 0px; margin:0px 0px 7px 0px; }
ol li ol li { list-style-type:lower-alpha; }
ol li ul { padding-top:7px; }
ol li ul li { list-style:square; }

.content { font-size:1.2em; line-height:140%; padding: 20px; }

pre, code { font-size:12px; }
tt { font-size: 1.2em; }
pre { margin:0px 0px 20px; }
pre.codeinput { padding:10px; border:1px solid #d3d3d3; background:#f7f7f7; }
pre.codeoutput { padding:10px 11px; margin:0px 0px 20px; color:#4c4c4c; }
pre.error { color:red; }

@media print { pre.codeinput, pre.codeoutput { word-wrap:break-word; width:100%; } }

span.keyword { color:#0000FF }
span.comment { color:#228B22 }
span.string { color:#A020F0 }
span.untermstring { color:#B20000 }
span.syscmd { color:#B28C00 }
span.typesection { color:#A0522D }

.footer { width:auto; padding:10px 0px; margin:25px 0px 0px; border-top:1px dotted #878787; font-size:0.8em; line-height:140%; font-style:italic; color:#878787; text-align:left; float:none; }
.footer p { margin:0px; }
.footer a { color:#878787; }
.footer a:hover { color:#878787; text-decoration:underline; }
.footer a:visited { color:#878787; }

table th { padding:7px 5px; text-align:left; vertical-align:middle; border: 1px solid #d6d4d4; font-weight:bold; }
table td { padding:7px 5px; text-align:left; vertical-align:top; border:1px solid #d6d4d4; }





  </style></head><body><div class="content"><h2>Contents</h2><div><ul><li><a href="#1">Mass calculation demo</a></li><li><a href="#2">Tapered coils, titanium alloy</a></li><li><a href="#3">Fixed radius coils, titanium</a></li><li><a href="#4">Carbon-carbon</a></li></ul></div><h2 id="1">Mass calculation demo</h2><p>Demonstrates SolenoidStructuralMass</p><pre class="codeinput"><span class="comment">%--------------------------------------------------------------------------</span>
<span class="comment">% See also: EllipsoidalSolenoid, PFRCSolenoid, CocentricCoils</span>
<span class="comment">%--------------------------------------------------------------------------</span>

<span class="comment">%--------------------------------------------------------------------------</span>
<span class="comment">%   Copyright (c) 2017 Princeton Satellite Systems, Inc.</span>
<span class="comment">%   All rights reserved.</span>
<span class="comment">%--------------------------------------------------------------------------</span>
</pre><h2 id="2">Tapered coils, titanium alloy</h2><pre class="codeinput">sigma   = 900e6; <span class="comment">% titanium</span>
rho     = 4500;  <span class="comment">% titanium</span>
nu      = 1/3;
z       = [-1.15 -0.75 -0.45 -0.15 0.15 0.45 0.75 1.15];
a       = EllipsoidalSolenoid( 0.35, 0.5, z );
bAxial	= 5;
i       = PFRCSolenoid( a, z, bAxial,[],[],0.5  );
n       = length(z);
bA      = 5*ones(1,n);
bB      = zeros(1,n);
b       = 1.2*a;
w       = 0.2*(z(2)-z(1))*ones(1,n);

SolenoidStructuralMass( a, b, w, z, bA, bB, i, nu, sigma, rho );
[massA, massC, massT] = SolenoidStructuralMass( a, b, w, z, bA, bB, i, nu, sigma, rho )
</pre><pre class="codeoutput">f =
  Columns 1 through 6
   1.3456e-10    9.619e-11   1.0675e-10  -5.2134e-10  -5.6628e-10   1.1738e-10
  -9.0427e-11   2.8022e-11   4.1669e-10  -2.1761e-11  -1.6471e-11   4.9795e-10
  -5.7148e+05  -1.2694e+06  -1.2907e+06  -6.2403e+05   6.2403e+05   1.2907e+06
  Columns 7 through 8
    7.016e-11   1.2708e-10
  -4.1138e-12  -8.8646e-11
   1.2694e+06   5.7148e+05
deltaF =
  Columns 1 through 6
   6.9795e+05        21272  -6.6667e+05  -1.2481e+06  -6.6667e+05        21272
  Column 7
   6.9795e+05
ans =
  Columns 1 through 6
     0.027848    0.0048616     0.027217     0.037239     0.027217    0.0048616
  Column 7
     0.027848
fM =
  Columns 1 through 6
            0   2.2128e+05   1.4882e+05   1.0009e+05        57603        27717
  -2.2128e+05            0    6.558e+05   4.3173e+05   2.3693e+05   1.0799e+05
  -1.4882e+05   -6.558e+05            0   1.0973e+06   5.9795e+05    2.644e+05
  -1.0009e+05  -4.3173e+05  -1.0973e+06            0   1.3606e+06   5.9795e+05
       -57603  -2.3693e+05  -5.9795e+05  -1.3606e+06            0   1.0973e+06
       -27717  -1.0799e+05   -2.644e+05  -5.9795e+05  -1.0973e+06            0
       -12400       -45856  -1.0799e+05  -2.3693e+05  -4.3173e+05   -6.558e+05
        -3566       -12400       -27717       -57603  -1.0009e+05  -1.4882e+05
  Columns 7 through 8
        12400         3566
        45856        12400
   1.0799e+05        27717
   2.3693e+05        57603
   4.3173e+05   1.0009e+05
    6.558e+05   1.4882e+05
            0   2.2128e+05
  -2.2128e+05            0
Axial Masses:
  Columns 1 through 6
       1.3959     0.031907            1       1.8721            1     0.031907
  Column 7
       1.3959
Circumferential Masses:
  Columns 1 through 6
       9.2141       19.835       29.347       38.033       38.033       29.347
  Columns 7 through 8
       19.835       9.2141
f =
  Columns 1 through 6
   1.3456e-10    9.619e-11   1.0675e-10  -5.2134e-10  -5.6628e-10   1.1738e-10
  -9.0427e-11   2.8022e-11   4.1669e-10  -2.1761e-11  -1.6471e-11   4.9795e-10
  -5.7148e+05  -1.2694e+06  -1.2907e+06  -6.2403e+05   6.2403e+05   1.2907e+06
  Columns 7 through 8
    7.016e-11   1.2708e-10
  -4.1138e-12  -8.8646e-11
   1.2694e+06   5.7148e+05
deltaF =
  Columns 1 through 6
   6.9795e+05        21272  -6.6667e+05  -1.2481e+06  -6.6667e+05        21272
  Column 7
   6.9795e+05
ans =
  Columns 1 through 6
     0.027848    0.0048616     0.027217     0.037239     0.027217    0.0048616
  Column 7
     0.027848
fM =
  Columns 1 through 6
            0   2.2128e+05   1.4882e+05   1.0009e+05        57603        27717
  -2.2128e+05            0    6.558e+05   4.3173e+05   2.3693e+05   1.0799e+05
  -1.4882e+05   -6.558e+05            0   1.0973e+06   5.9795e+05    2.644e+05
  -1.0009e+05  -4.3173e+05  -1.0973e+06            0   1.3606e+06   5.9795e+05
       -57603  -2.3693e+05  -5.9795e+05  -1.3606e+06            0   1.0973e+06
       -27717  -1.0799e+05   -2.644e+05  -5.9795e+05  -1.0973e+06            0
       -12400       -45856  -1.0799e+05  -2.3693e+05  -4.3173e+05   -6.558e+05
        -3566       -12400       -27717       -57603  -1.0009e+05  -1.4882e+05
  Columns 7 through 8
        12400         3566
        45856        12400
   1.0799e+05        27717
   2.3693e+05        57603
   4.3173e+05   1.0009e+05
    6.558e+05   1.4882e+05
            0   2.2128e+05
  -2.2128e+05            0
massA =
  Columns 1 through 6
       1.3959     0.031907            1       1.8721            1     0.031907
  Column 7
       1.3959
massC =
  Columns 1 through 6
       9.2141       19.835       29.347       38.033       38.033       29.347
  Columns 7 through 8
       19.835       9.2141
massT =
       199.59
</pre><img vspace="5" hspace="5" src="StructureMassDemo_01.png" alt=""> <img vspace="5" hspace="5" src="StructureMassDemo_02.png" alt=""> <h2 id="3">Fixed radius coils, titanium</h2><pre class="codeinput">a       = EllipsoidalSolenoid( 0.5, 0.5, z );
[~,i]   = ConcentricCoils( z, bAxial, a );
b       = 1.2*a;
SolenoidStructuralMass( a, b, w, z, bA, bB, i, nu, sigma, rho );
</pre><pre class="codeoutput">f =
  Columns 1 through 6
  -3.1136e-10   5.1802e-11   3.2858e-10   4.4612e-10   4.4612e-10   3.2858e-10
   7.6889e-10   2.2407e-10   6.7407e-10   1.5699e-10   1.5699e-10   6.7407e-10
  -4.0355e+06  -4.7195e+05   -2.554e+05       -37034        37034    2.554e+05
  Columns 7 through 8
   5.1802e-11  -3.1136e-10
   2.2407e-10   7.6889e-10
   4.7195e+05   4.0355e+06
deltaF =
  Columns 1 through 6
  -3.5636e+06  -2.1655e+05  -2.1837e+05       -74068  -2.1837e+05  -2.1655e+05
  Column 7
  -3.5636e+06
ans =
  Columns 1 through 6
     0.062925     0.015512     0.015577    0.0090718     0.015577     0.015512
  Column 7
     0.062925
fM =
  Columns 1 through 6
            0   1.6678e+06   9.9648e+05   5.2713e+05   3.1552e+05   2.1421e+05
  -1.6678e+06            0   9.6451e+05    4.924e+05   2.7662e+05   1.7521e+05
  -9.9648e+05  -9.6451e+05            0   9.7068e+05   5.3355e+05   3.2273e+05
  -5.2713e+05   -4.924e+05  -9.7068e+05            0   9.0153e+05   5.3355e+05
  -3.1552e+05  -2.7662e+05  -5.3355e+05  -9.0153e+05            0   9.7068e+05
  -2.1421e+05  -1.7521e+05  -3.2273e+05  -5.3355e+05  -9.7068e+05            0
  -1.3075e+05  -1.0023e+05  -1.7521e+05  -2.7662e+05   -4.924e+05  -9.6451e+05
  -1.8366e+05  -1.3075e+05  -2.1421e+05  -3.1552e+05  -5.2713e+05  -9.9648e+05
  Columns 7 through 8
   1.3075e+05   1.8366e+05
   1.0023e+05   1.3075e+05
   1.7521e+05   2.1421e+05
   2.7662e+05   3.1552e+05
    4.924e+05   5.2713e+05
   9.6451e+05   9.9648e+05
            0   1.6678e+06
  -1.6678e+06            0
Axial Masses:
  Columns 1 through 6
       7.1271      0.32482      0.32755       0.1111      0.32755      0.32482
  Column 7
       7.1271
Circumferential Masses:
  Columns 1 through 6
       71.695       30.631       33.241        30.83        30.83       33.241
  Columns 7 through 8
       30.631       71.695
</pre><img vspace="5" hspace="5" src="StructureMassDemo_03.png" alt=""> <img vspace="5" hspace="5" src="StructureMassDemo_04.png" alt=""> <h2 id="4">Carbon-carbon</h2><p>Use properties given in Santarius</p><pre class="codeinput">sigma   = 1000e6; <span class="comment">% carbon-carbon</span>
rho     = 2500;  <span class="comment">% km/m3</span>
[massA, massC, massT] = SolenoidStructuralMass( a, b, w, z, bA, bB, i, nu, sigma, rho )


<span class="comment">%--------------------------------------</span>
</pre><pre class="codeoutput">f =
  Columns 1 through 6
  -3.1136e-10   5.1802e-11   3.2858e-10   4.4612e-10   4.4612e-10   3.2858e-10
   7.6889e-10   2.2407e-10   6.7407e-10   1.5699e-10   1.5699e-10   6.7407e-10
  -4.0355e+06  -4.7195e+05   -2.554e+05       -37034        37034    2.554e+05
  Columns 7 through 8
   5.1802e-11  -3.1136e-10
   2.2407e-10   7.6889e-10
   4.7195e+05   4.0355e+06
deltaF =
  Columns 1 through 6
  -3.5636e+06  -2.1655e+05  -2.1837e+05       -74068  -2.1837e+05  -2.1655e+05
  Column 7
  -3.5636e+06
ans =
  Columns 1 through 6
     0.059696     0.014716     0.014777    0.0086063     0.014777     0.014716
  Column 7
     0.059696
fM =
  Columns 1 through 6
            0   1.6678e+06   9.9648e+05   5.2713e+05   3.1552e+05   2.1421e+05
  -1.6678e+06            0   9.6451e+05    4.924e+05   2.7662e+05   1.7521e+05
  -9.9648e+05  -9.6451e+05            0   9.7068e+05   5.3355e+05   3.2273e+05
  -5.2713e+05   -4.924e+05  -9.7068e+05            0   9.0153e+05   5.3355e+05
  -3.1552e+05  -2.7662e+05  -5.3355e+05  -9.0153e+05            0   9.7068e+05
  -2.1421e+05  -1.7521e+05  -3.2273e+05  -5.3355e+05  -9.7068e+05            0
  -1.3075e+05  -1.0023e+05  -1.7521e+05  -2.7662e+05   -4.924e+05  -9.6451e+05
  -1.8366e+05  -1.3075e+05  -2.1421e+05  -3.1552e+05  -5.2713e+05  -9.9648e+05
  Columns 7 through 8
   1.3075e+05   1.8366e+05
   1.0023e+05   1.3075e+05
   1.7521e+05   2.1421e+05
   2.7662e+05   3.1552e+05
    4.924e+05   5.2713e+05
   9.6451e+05   9.9648e+05
            0   1.6678e+06
  -1.6678e+06            0
massA =
  Columns 1 through 6
       3.5636      0.16241      0.16378     0.055551      0.16378      0.16241
  Column 7
       3.5636
massC =
  Columns 1 through 6
       35.702       15.288       16.588       15.387       15.387       16.588
  Columns 7 through 8
       15.288       35.702
massT =
       173.77
</pre><p class="footer"><br><a href="https://www.mathworks.com/products/matlab/">Published with MATLAB&reg; R2020a</a><br></p></div><!--
##### SOURCE BEGIN #####
%% Mass calculation demo
% Demonstrates SolenoidStructuralMass
%REPLACE_WITH_DASH_DASHREPLACE_WITH_DASH_DASHREPLACE_WITH_DASH_DASHREPLACE_WITH_DASH_DASHREPLACE_WITH_DASH_DASHREPLACE_WITH_DASH_DASHREPLACE_WITH_DASH_DASHREPLACE_WITH_DASH_DASHREPLACE_WITH_DASH_DASHREPLACE_WITH_DASH_DASHREPLACE_WITH_DASH_DASHREPLACE_WITH_DASH_DASHREPLACE_WITH_DASH_DASHREPLACE_WITH_DASH_DASHREPLACE_WITH_DASH_DASHREPLACE_WITH_DASH_DASHREPLACE_WITH_DASH_DASHREPLACE_WITH_DASH_DASHREPLACE_WITH_DASH_DASHREPLACE_WITH_DASH_DASHREPLACE_WITH_DASH_DASHREPLACE_WITH_DASH_DASHREPLACE_WITH_DASH_DASHREPLACE_WITH_DASH_DASHREPLACE_WITH_DASH_DASHREPLACE_WITH_DASH_DASHREPLACE_WITH_DASH_DASHREPLACE_WITH_DASH_DASHREPLACE_WITH_DASH_DASHREPLACE_WITH_DASH_DASHREPLACE_WITH_DASH_DASHREPLACE_WITH_DASH_DASHREPLACE_WITH_DASH_DASHREPLACE_WITH_DASH_DASHREPLACE_WITH_DASH_DASHREPLACE_WITH_DASH_DASHREPLACE_WITH_DASH_DASH
% See also: EllipsoidalSolenoid, PFRCSolenoid, CocentricCoils
%REPLACE_WITH_DASH_DASHREPLACE_WITH_DASH_DASHREPLACE_WITH_DASH_DASHREPLACE_WITH_DASH_DASHREPLACE_WITH_DASH_DASHREPLACE_WITH_DASH_DASHREPLACE_WITH_DASH_DASHREPLACE_WITH_DASH_DASHREPLACE_WITH_DASH_DASHREPLACE_WITH_DASH_DASHREPLACE_WITH_DASH_DASHREPLACE_WITH_DASH_DASHREPLACE_WITH_DASH_DASHREPLACE_WITH_DASH_DASHREPLACE_WITH_DASH_DASHREPLACE_WITH_DASH_DASHREPLACE_WITH_DASH_DASHREPLACE_WITH_DASH_DASHREPLACE_WITH_DASH_DASHREPLACE_WITH_DASH_DASHREPLACE_WITH_DASH_DASHREPLACE_WITH_DASH_DASHREPLACE_WITH_DASH_DASHREPLACE_WITH_DASH_DASHREPLACE_WITH_DASH_DASHREPLACE_WITH_DASH_DASHREPLACE_WITH_DASH_DASHREPLACE_WITH_DASH_DASHREPLACE_WITH_DASH_DASHREPLACE_WITH_DASH_DASHREPLACE_WITH_DASH_DASHREPLACE_WITH_DASH_DASHREPLACE_WITH_DASH_DASHREPLACE_WITH_DASH_DASHREPLACE_WITH_DASH_DASHREPLACE_WITH_DASH_DASHREPLACE_WITH_DASH_DASH

%REPLACE_WITH_DASH_DASHREPLACE_WITH_DASH_DASHREPLACE_WITH_DASH_DASHREPLACE_WITH_DASH_DASHREPLACE_WITH_DASH_DASHREPLACE_WITH_DASH_DASHREPLACE_WITH_DASH_DASHREPLACE_WITH_DASH_DASHREPLACE_WITH_DASH_DASHREPLACE_WITH_DASH_DASHREPLACE_WITH_DASH_DASHREPLACE_WITH_DASH_DASHREPLACE_WITH_DASH_DASHREPLACE_WITH_DASH_DASHREPLACE_WITH_DASH_DASHREPLACE_WITH_DASH_DASHREPLACE_WITH_DASH_DASHREPLACE_WITH_DASH_DASHREPLACE_WITH_DASH_DASHREPLACE_WITH_DASH_DASHREPLACE_WITH_DASH_DASHREPLACE_WITH_DASH_DASHREPLACE_WITH_DASH_DASHREPLACE_WITH_DASH_DASHREPLACE_WITH_DASH_DASHREPLACE_WITH_DASH_DASHREPLACE_WITH_DASH_DASHREPLACE_WITH_DASH_DASHREPLACE_WITH_DASH_DASHREPLACE_WITH_DASH_DASHREPLACE_WITH_DASH_DASHREPLACE_WITH_DASH_DASHREPLACE_WITH_DASH_DASHREPLACE_WITH_DASH_DASHREPLACE_WITH_DASH_DASHREPLACE_WITH_DASH_DASHREPLACE_WITH_DASH_DASH
%   Copyright (c) 2017 Princeton Satellite Systems, Inc. 
%   All rights reserved.
%REPLACE_WITH_DASH_DASHREPLACE_WITH_DASH_DASHREPLACE_WITH_DASH_DASHREPLACE_WITH_DASH_DASHREPLACE_WITH_DASH_DASHREPLACE_WITH_DASH_DASHREPLACE_WITH_DASH_DASHREPLACE_WITH_DASH_DASHREPLACE_WITH_DASH_DASHREPLACE_WITH_DASH_DASHREPLACE_WITH_DASH_DASHREPLACE_WITH_DASH_DASHREPLACE_WITH_DASH_DASHREPLACE_WITH_DASH_DASHREPLACE_WITH_DASH_DASHREPLACE_WITH_DASH_DASHREPLACE_WITH_DASH_DASHREPLACE_WITH_DASH_DASHREPLACE_WITH_DASH_DASHREPLACE_WITH_DASH_DASHREPLACE_WITH_DASH_DASHREPLACE_WITH_DASH_DASHREPLACE_WITH_DASH_DASHREPLACE_WITH_DASH_DASHREPLACE_WITH_DASH_DASHREPLACE_WITH_DASH_DASHREPLACE_WITH_DASH_DASHREPLACE_WITH_DASH_DASHREPLACE_WITH_DASH_DASHREPLACE_WITH_DASH_DASHREPLACE_WITH_DASH_DASHREPLACE_WITH_DASH_DASHREPLACE_WITH_DASH_DASHREPLACE_WITH_DASH_DASHREPLACE_WITH_DASH_DASHREPLACE_WITH_DASH_DASHREPLACE_WITH_DASH_DASH


%% Tapered coils, titanium alloy
sigma   = 900e6; % titanium
rho     = 4500;  % titanium
nu      = 1/3;
z       = [-1.15 -0.75 -0.45 -0.15 0.15 0.45 0.75 1.15];
a       = EllipsoidalSolenoid( 0.35, 0.5, z );
bAxial	= 5;
i       = PFRCSolenoid( a, z, bAxial,[],[],0.5  );
n       = length(z);
bA      = 5*ones(1,n);
bB      = zeros(1,n);
b       = 1.2*a;
w       = 0.2*(z(2)-z(1))*ones(1,n);

SolenoidStructuralMass( a, b, w, z, bA, bB, i, nu, sigma, rho );
[massA, massC, massT] = SolenoidStructuralMass( a, b, w, z, bA, bB, i, nu, sigma, rho )

%% Fixed radius coils, titanium

a       = EllipsoidalSolenoid( 0.5, 0.5, z );
[~,i]   = ConcentricCoils( z, bAxial, a );
b       = 1.2*a;
SolenoidStructuralMass( a, b, w, z, bA, bB, i, nu, sigma, rho );

%% Carbon-carbon
% Use properties given in Santarius

sigma   = 1000e6; % carbon-carbon 
rho     = 2500;  % km/m3
[massA, massC, massT] = SolenoidStructuralMass( a, b, w, z, bA, bB, i, nu, sigma, rho )


%REPLACE_WITH_DASH_DASHREPLACE_WITH_DASH_DASHREPLACE_WITH_DASH_DASHREPLACE_WITH_DASH_DASHREPLACE_WITH_DASH_DASHREPLACE_WITH_DASH_DASHREPLACE_WITH_DASH_DASHREPLACE_WITH_DASH_DASHREPLACE_WITH_DASH_DASHREPLACE_WITH_DASH_DASHREPLACE_WITH_DASH_DASHREPLACE_WITH_DASH_DASHREPLACE_WITH_DASH_DASHREPLACE_WITH_DASH_DASHREPLACE_WITH_DASH_DASHREPLACE_WITH_DASH_DASHREPLACE_WITH_DASH_DASHREPLACE_WITH_DASH_DASHREPLACE_WITH_DASH_DASH
% $Date:   2019-06-20 $
% $Revision: 6566016de994d8c73e45ed44d426d6abbc5f89e0 $

##### SOURCE END #####
--></body></html>